0.366262627955
0.455647590738
0.400891945821
0.200251669680
0.290047815170
0.280001707218
0.315696456239
0.427310386342
0.438503462230
0.459505246592
0.473565720545
0.194567211293
0.406004646176
0.340153194468
0.189035420699
0.369822317846
0.445035800223
0.468367751908
0.475013542482
0.473040556498
0.515629217654
0.528187205790
0.373993203624
-0.003886610361
0.160064085196
0.491188031386
0.523209247162
0.027414478221
-0.114874813945
-0.279776533707
-0.244843760060
-0.189936482814
-0.115162771467
-0.083746459137
0.015429844490
0.008609215806
0.016031878108
-0.222991649383
-0.006837101647
-0.192090057811
-0.233602029219
-0.039140609283
0.012071535836
-0.079030727926
0.090404535118
0.038813244564
0.064452046812
0.015952653931
-0.087650624300
-0.410261090758
-0.298640945241
0.085788255801
0.124910121762
0.280773732178
-0.099316290871
-0.170913377716
-0.070040310645
0.003418211320
-0.065615359274
0.166056683321
0.186214474592
0.238254142570
-0.088518623914
0.135140568799
-2.113519916242
-0.092744936727
0.107796242899
0.178865697881
-0.070304634429
0.151244603263
0.247114191633
0.303086957521
0.253038740631
0.053947885750
-0.293444218795
-0.204675414570
0.225413708840
0.416833460090
-0.207434037645
-0.147103669954
-0.146409770305
0.035305195180
0.016340995629
0.044492545223
0.202191047569
0.245159128384
-0.121897206028
0.106458348027
-0.051457520489
-0.119316317215
0.075581306327
0.133945591573
0.046507731329
0.123298299069
0.192376094372
0.259931414993
0.214488144189
0.018835480941
-0.390373882441
-1.115477435955
0.140168348611
0.248485397449
0.041027078439
0.046589793058
0.114655742566
0.030166943190
0.271910523821
0.251698497198
0.313901914251
0.016050924157
0.245762667370
-0.135964909809
0.005868775318
0.211276808246
0.277925638934
-0.281048117335
0.288869697426
0.319557803833
0.349328679571
0.339465236045
0.184121036892
-0.204049618473
-0.120352907530
0.323162648329
0.599854002127
0.026643704448
0.106310726617
0.184474614815
0.231225700268
0.250849019870
0.265193604690
-0.015938828505
0.209478866649
0.102487568276
-0.022242986754
0.184175357569
0.238644880298
0.222804464892
0.182519498409
0.270638881301
0.302326837043
0.284847600376
0.137245934651
-0.199370742039
-0.086042004207
0.288510332786
0.377077705275
0.075283450766
0.122047427392
0.202078116660
0.241433902447
0.684970565563
-0.044361295944
0.179356057276
0.047623358586
-0.048298102887
0.147265589595
0.197618779849
0.140848773309
0.203100892572
0.233633270683
0.265504056251
0.255557882555
0.109282292284
-0.262580035957
-0.044617754234
0.257276611132
0.305928616735
0.045932627447
-0.314997264076
0.111995450668
0.126762331828
-0.113099777943
0.111326183591
-0.054218464392
-0.599096667776
0.082063451103
0.116958930787
0.044491938521
0.136481059450
0.163413796627
0.177870715327
0.181599458137
0.018993057413
-0.323477363360
-0.244704246417
0.900812313014
0.325653124702
0.104040348476
0.082892629502
0.109091731768
-0.164440240987
0.072399985343
-0.042955671332
-0.163835386021
0.040186350377
0.077699274897
-0.012886576133
0.122887598163
0.112936084001
0.148911239353
0.140834277555
-0.011145810125
0.777521730570
-0.272929923945
0.152738225996
0.213108952265
0.003557646206
0.006588213306
-0.238500108889
-0.010771807992
-0.218626529715
-0.267298475924
-0.033186336046
-0.011481667446
-0.116229172101
0.009171805083
0.021121408563
0.062101696935
0.052593805606
-0.129329397420
-0.498158230529
-0.349541185143
2.335344930072
0.115384183513
-0.151584091580
-0.231288309152
-0.012479175817
-0.163928297199
-0.248639987760
-0.040681198676
0.003713712988
-0.099138801064
0.012086415166
0.097291806829
0.136504328479
0.045543778604
-0.092359558925
-0.431844576636
-0.683699797973
0.057901966648
0.134854192977
-0.248426370999
-0.020138871065
-0.283382220909
-0.247323370815
-0.048762281615
-0.035028644203
-0.108306515817
0.002975554476
0.003498663607
0.045623762058
0.049267451360
-0.101117726940
-0.464292128525
-0.597159756155
0.058067387270
0.089118403640
0.686856613167
-0.006144492710
-0.006269021119
0.206474084030
0.221116686328
0.158364801821
0.239989321821
0.251416824450
0.281873047020
0.276547723910
0.150300630062
-0.209025756781
-0.066834172248
0.299797735200
0.330916514084
-0.212085330325
-0.221511392434
-0.035772522789
0.003596283962
-0.077324312863
0.024247997300
0.035775401009
0.068403927925
0.064812232050
-0.167918900657
-0.420985161404
-0.284951528291
0.081293654917
0.112529579905
-0.064615096487
0.139256485783
0.195873708380
-0.266930324124
0.206267880677
0.243870361235
0.269584538559
0.253601663409
0.309176289333
-0.288288767106
-0.286255105918
0.255290301381
0.404377781847
0.212191884362
0.230606298015
0.163442303444
0.253722569145
0.263058410700
0.289997324326
0.291071549190
0.135200525091
-0.201069422747
-0.096705251688
3.149397652214
0.359421050186
0.032334271639
-0.041686338554
0.060491098111
0.064803911571
0.097788417821
0.095880631671
-0.042255039278
-0.379363185519
-0.252245378741
0.106715191844
0.144873122101
-0.087330815449
0.019625250110
1.932206016278
-0.045528939996
0.101521630175
-0.084334562399
-0.409499721422
-0.381231812805
0.084990817608
0.112703060983
0.099033765857
0.122981026898
0.157294122654
0.143003447477
0.042468168590
-0.429698964305
-0.282321572050
0.159757422728
0.205900111939
0.016111352614
0.053068858136
0.067132452887
-0.109691578683
-0.434134396189
-0.317270753243
0.067352487267
0.101010946665
-0.589434496809
0.110641430468
-0.118524033731
-0.435938106255
-0.446686234894
0.048180016692
0.051387911759
0.014250705437
-0.152435517867
-0.468232629338
-0.454827696069
0.016989976856
0.038261834598
-0.148811622343
-0.455677293696
-0.394964390298
0.023169960960
0.030197654912
-0.361053062386
-0.248269029435
0.180312268607
0.201489240502
0.144314635389
0.538687269284
0.498122226729
0.410414939633
0.448545805979
0.033311080301
